5
2
4
4
5
5
4
4
0
8
6
4
2
2
2
3
3
3
3
3
6
4
3
2
2
9
2
2
1
9
2
3
6
4
2
1
2
1
3
9
5
0
9
4
5
9
2
4
2
4
4
4
6
6
4
4
3
2
7
5
6
5
1
1
6
6
9
4
6
3
4
2
7
6
2
7
8
0
6
1
3
2
1
1
1
6
0
2
4
2
3
0
0
6
6
0
4
0
0
0
4
0
0
4
0
0
9
4
9
6
4
3
6
4
6
4
0
0
4
2
4
2
0
6
6
6
4
4
0
2
0
7
9
6
0
6
0
9
9
4
6
3
7
6
9
2
3
2
0
0
1
9
9
6
1
2
4
4
1
4
9
2
9
0
4
9
4
4
9
9
4
9
9
9
9
4
9
9
9
0
9
4
4
4
2
4
7
1
1
6
6
6
4
9
0
4
4
0
6
6
0
1
0
0
7
1
4
0
7
7
1
0
1
0
7
1
0
0
7
0
4
2
6
0
4
4
4
6
4
4
2
4
4
4
4
0
0
2
2
0
0
3
1
3
3
0
1
3
0
1
9
1
0
8
1
8
1
3
3
2
3
3
0
1
1
1
3
2
8
1
1
6
2
2
6
2
3
2
2
6
3
8
1
2
3
2
9
3
6
6
8
3
8
8
6
3
3
1
1
3
1
3
2
3
3
3
6
3
1
1
3
6
6
3
6
3
1
2
